37
37
41
36
39
30
29
26
27
44
41
33
38
38
36
19
32
34
36
39
37
29
51
36
27
32
46
33
39
32
35
32
45
31
38
35
32
43
37
33
35
30
28
29
36
35
35
37
31
37
30
39
42
33
39
30
32
28
43
26
40
33
40
35
46
39
32
42
35
40
32
39
31
36
36
33
41
44
38
34
43
28
36
25
37
37
36
40
39
32
42
42
42
23
38
37
39
35
43
42
40
32
29
33
37
32
39
37
32
32
36
28
35
38
38
41
35
28
30
34
35
34
31
38
42
27
37
36
35
40
43
32
35
26
38
40
35
35
42
35
44
40
34
33
36
34
35
40
38
39
35
47
34
36
29
29
32
28
39
47
32
44
42
31
34
36
42
28
30
45
33
31
31
45
39
31
41
40
30
41
33
44
38
33
42
32
34
37
37
31
45
37
27
32
38
38
38
39
27
38
35
41
38
32
40
38
45
36
38
37
35
40
28
33
41
35
34
35
35
39
38
32
34
34
31
26
44
39
33
34
28
34
37
40
36
34
34
35
43
36
37
32
38
41
36
26
41
40
34
41
37
38
44
43
38
37
37
36
40
43
38
30
30
39
35
27
33
42
34
39
33
40
33
32
45
25
33
47
43
41
34
31
41
25
35
33
42
39
38
42
40
35
28
33
38
41
40
36
36
37
48
14
38
43
32
46
33
36
35
39
37
34
32
39
41
33
41
42
39
41
33
34
29
43
33
38
35
45
42
46
39
37
43
33
46
35
41
31
32
38
29
32
41
44
34
41
43
51
30
41
36
39
32
30
37
32
32
31
47
28
41
38
35
42
35
39
31
41
36
41
48
27
43
35
44
40
33
36
32
43
43
37
30
42
37
38
33
38
28
31
33
36
41
41
34
38
31
41
35
42
43
43
45
36
37
34
29
27
28
28
33
35
30
39
47
32
30
36
34
48
31
43
39
30
28
45
37
43
37
29
35
32
37
34
29
34
41
38
38
38
34
39
47
32
29
26
32
31
37
31
38
40
39
43
33
28
33
39
32
42
28
41
40
37
42
38
34
33
31
36
36
37
39
35
38
39
41
40
34
43
34
47
42
34
32
22
35
35
32
35
40
42
18
32
41
24
32
28
32
32
41
45
37
43
39
35
43
32
41
42
32
31
38
36
42
38
27
33
32
34
34
47
35
